4243767290,0
4294967278,246
4294967278,244
4294967278,538
4243767290,3
4243767290,2
4294967278,127
4294967278,122
4294967278,112
4294967278,107
4294967278,0
4294967278,85
4294967278,64
4294967278,54
4294967278,53
4294967278,52
4294967278,46
4294967278,45
4294967278,44
4294967278,39
4294967279,75
4294967279,70
4294967279,60
4294967279,55
4294967279,54
4294967279,53
4294967279,52
4294967279,46
4294967279,40
4294967279,35
4294967279,34
4294967279,25
4294967279,18
4294967279,13
4294967279,7
4294967279,4
4294967278,237
4294967278,236
4294967278,234
4294967278,230
39,4
4294967294,474
4294967294,162
4294967294,68
4294967294,1421
4294967294,81
4294967294,50
4294967294,36
4294967294,39
4294967278,214
4294967279,280
4294967294,38
4294967294,37
4294967278,209
4294967278,206
46,6
46,5
46,4
46,3
46,2
46,1
4294967294,40
4294967294,22
4294967278,205
4294967278,204
45,6
45,5
45,4
45,3
45,2
45,1
4294967278,202
4294967278,201
4294967278,200
4294967279,201
4294967278,199
4294967278,198
4294967294,417
4294967294,52
4294967294,107
4294967278,197
4294967294,7
4294967294,6
4294967294,94
4294967294,96
4294967278,196
43,6
43,5
4294967278,195
43,4
4294967279,196
43,3
43,2
43,1
4294967278,194
4294967294,8
0,7
4294967294,45
4294967294,44
4294967294,53
4294967294,1
4294967294,498
4294967294,2
4294967294,0
4294967294,29
4294967294,28
4294967294,27
4294967294,25
4294967294,91
4294967294,90
4294967294,87
4294967294,86
4294967294,85
4294967294,84
4294967279,195
4294967294,42
4294967294,99
4294967294,76
4294967294,41
4294967294,43
4294967294,165
4294967294,1156
4294967294,1079
4294967294,1152
4294967294,51
4294967294,388
4294967294,1163
4294967294,1159
4294967294,82
4294967294,17
4294967294,1160
4294967294,92
4294967294,88
4294967294,104
4294967294,106
4294967294,166
4294967294,24
4294967294,26
4294967294,1248
4294967294,83
4294967294,5
0,5
4294967294,69
4294967278,193
4294967294,67
4294967293,131
4294967293,130
4294967293,129
4294967293,128
4294967293,127
4294967293,126
4294967293,125
4294967293,124
4294967293,123
4294967293,122
4294967293,121
4294967293,120
4294967293,119
4294967293,118
4294967293,117
4294967293,116
4294967293,115
4294967293,114
4294967293,113
4294967293,112
4294967293,111
4294967293,110
4294967293,109
4294967293,108
4294967293,107
4294967293,106
4294967293,105
4294967293,104
4294967293,103
4294967293,102
4294967293,101
4294967293,100
4294967293,99
4294967293,98
4294967293,97
4294967293,96
4294967293,95
4294967293,94
4294967293,93
4294967293,92
4294967293,91
4294967293,90
4294967293,89
4294967293,87
4294967293,86
4294967293,85
4294967293,84
4294967293,83
4294967293,82
4294967293,81
4294967293,80
4294967293,79
4294967293,78
4294967293,77
4294967293,76
4294967293,75
4294967293,74
4294967293,73
4294967293,72
4294967293,71
4294967293,70
4294967293,69
4294967293,68
4294967293,67
4294967293,66
4294967293,65
4294967293,64
4294967293,63
4294967293,62
4294967293,61
4294967293,60
4294967293,59
4294967293,58
4294967293,57
4294967293,56
4294967293,55
4294967293,54
4294967293,53
4294967293,52
4294967293,51
4294967293,50
4294967293,49
4294967293,48
4294967293,47
4294967293,46
4294967293,45
4294967293,44
4294967293,43
4294967293,42
4294967293,41
4294967293,40
4294967293,39
4294967293,38
4294967293,37
4294967293,36
4294967293,35
4294967293,34
4294967293,33
4294967293,32
4294967293,31
4294967293,30
4294967293,29
4294967293,28
4294967293,27
4294967293,26
4294967293,25
4294967293,24
4294967293,23
4294967293,22
4294967293,21
4294967293,20
4294967293,19
4294967293,18
4294967293,17
4294967293,16
4294967293,15
4294967293,14
4294967293,13
4294967293,12
4294967293,11
4294967293,10
4294967293,9
4294967293,8
4294967293,7
4294967293,6
4294967293,5
4294967293,4
4294967293,3
4294967278,256
4294967278,129
4294967278,345
4294967278,123
4294967278,395
4294967278,117
4294967278,241
4294967278,116
4294967278,443
4294967278,115
4294967278,378
4294967278,114
4294967278,227
4294967278,108
4294967278,394
4294967278,102
4294967278,375
4294967278,97
4294967278,535
4294967278,92
4294967278,386
4294967278,86
4294967278,531
4294967278,373
4294967278,80
4294967278,75
4294967278,70
4294967278,534
4294967278,65
4294967278,533
4294967278,50
4294967278,49
4294967278,47
4294967278,43
4294967278,42
4294967278,40
4294967278,532
4294967278,529
4294967278,528
4294967278,88
4294967278,174
4294967278,2
4294967279,495
4294967279,102
4294967279,91
4294967279,90
4294967279,89
4294967279,87
4294967279,452
4294967279,85
4294967279,84
4294967279,491
4294967279,82
4294967279,490
4294967279,81
4294967279,79
4294967279,78
4294967279,488
4294967279,494
4294967279,51
4294967279,50
4294967279,48
4294967279,47
4294967279,486
4294967279,44
4294967279,43
4294967279,41
4294967279,493
4294967279,39
4294967279,38
4294967279,37
4294967279,36
4294967279,33
4294967279,32
4294967279,31
4294967279,30
4294967279,29
4294967279,28
4294967279,27
4294967279,26
4294967279,24
4294967279,23
4294967279,22
4294967279,21
4294967279,20
4294967279,19
4294967279,17
4294967279,16
4294967279,15
4294967279,485
4294967279,14
4294967279,484
4294967279,260
4294967279,2
4294967294,173
4294967294,15
4294967279,80
4294967294,188
4294967294,11
4294967294,18
4294967294,127
4294967294,14
4294967294,126
4294967294,20
4294967294,13
4294967294,12
4294967294,119
4294967294,169
4294967294,172
4294967294,171
4294967294,170
4294967294,1180
4294967278,433
4294967279,489
4294967278,530
4294967294,1217
4294967294,1220
4294967294,1588
4294967294,187
4294967294,413
4294967294,999
4294967294,998
4294967294,997
4294967294,994
4294967294,735
4294967294,1596
4294967294,991
4294967294,990
4294967294,989
4294967294,987
4294967294,211
4294967294,986
4294967294,985
4294967294,984
4294967294,982
4294967294,981
4294967294,980
4294967294,979
4294967294,977
4294967294,975
4294967294,971
4294967294,963
4294967294,961
4294967294,960
4294967294,958
4294967294,1087
4294967294,731
4294967294,953
4294967294,952
4294967294,948
4294967294,944
4294967294,942
4294967294,941
4294967294,939
4294967294,931
4294967294,930
4294967294,928
4294967294,926
4294967294,924
4294967294,922
4294967294,921
4294967294,920
4294967294,919
4294967294,916
4294967294,915
4294967294,728
4294967294,912
4294967294,910
4294967294,908
4294967294,907
4294967294,906
4294967294,905
4294967294,904
4294967294,902
4294967294,901
4294967294,899
4294967294,897
4294967294,895
4294967294,894
4294967294,186
4294967294,892
4294967294,891
4294967294,890
4294967294,887
4294967294,886
4294967294,885
4294967294,884
4294967294,883
4294967294,882
4294967294,881
4294967294,879
4294967294,877
4294967294,1589
4294967294,876
4294967294,874
4294967294,870
4294967294,868
4294967294,866
4294967294,865
4294967294,864
4294967294,863
4294967294,861
4294967294,859
4294967294,856
4294967294,854
4294967294,853
4294967294,852
4294967294,196
4294967294,849
4294967294,848
4294967294,733
4294967294,844
4294967294,841
4294967294,838
4294967294,837
4294967294,835
4294967294,721
4294967294,834
4294967294,833
4294967294,832
4294967294,208
4294967294,830
4294967294,828
4294967294,826
4294967294,825
4294967294,824
4294967294,823
4294967294,822
4294967294,821
4294967294,820
4294967294,819
4294967294,815
4294967294,813
4294967294,812
4294967294,811
4294967294,808
4294967294,807
4294967294,804
4294967294,716
4294967294,803
4294967294,802
4294967294,801
4294967294,800
4294967294,799
4294967294,798
4294967294,797
4294967294,795
4294967294,794
4294967294,791
4294967294,431
4294967294,788
4294967294,787
4294967294,786
4294967294,785
4294967294,783
4294967294,782
4294967294,779
4294967294,778
4294967294,776
4294967294,774
4294967294,711
4294967294,769
4294967294,768
4294967294,703
4294967294,702
4294967294,701
4294967294,700
4294967294,697
4294967294,696
4294967294,695
4294967294,691
4294967294,689
4294967294,688
4294967294,687
4294967294,685
4294967294,684
4294967294,682
4294967294,681
4294967294,675
4294967294,672
4294967294,670
4294967294,669
4294967294,707
4294967294,666
4294967294,1216
4294967294,662
4294967294,656
4294967294,727
4294967294,654
4294967294,652
4294967294,651
4294967294,649
4294967294,648
4294967294,646
4294967294,644
4294967294,641
4294967294,640
4294967294,637
4294967294,635
4294967294,634
4294967294,632
4294967294,627
4294967294,705
4294967294,734
4294967294,1438
4294967294,621
4294967294,1415
4294967294,620
1,3
1,0
4294967294,630
4294967294,617
4294967294,1408
4294967294,616
4294967294,722
4294967294,615
4294967294,639
4294967294,1431
4294967294,613
4294967294,612
4294967294,719
4294967294,611
4294967294,710
4294967294,712
4294967294,610
4294967294,732
4294967294,609
4294967294,608
4294967294,607
4294967294,1436
4294967294,430
4294967294,730
4294967294,606
4294967294,726
4294967294,717
4294967294,709
4294967294,729
4294967294,704
4294967294,605
4294967294,718
4294967294,878
4294967294,706
4294967294,70
4294967294,724
4294967294,72
4294967294,875
4294967294,715
4294967294,71
4294967294,206
4294967294,1072
4294967294,204
4294967294,1430
4294967294,1033
4294967294,202
4294967294,425
4294967294,1720
4294967294,200
4294967294,1718
4294967294,1432
4294967294,1427
4294967294,439
4294967294,145
4294967294,1461
4294967294,1426
4294967294,192
4294967294,1423
4294967294,198
4294967294,427
4294967294,1422
4294967294,139
4294967294,1419
4294967294,1413
4294967294,1412
4294967294,765
4294967294,1416
4294967294,1411
4294967294,390
4294967294,755
4294967294,197
4294967294,1591
4294967294,1562
4294967294,195
4294967294,742
4294967294,741
4294967294,128
4294967294,737
4294967294,740
4294967294,752
4294967294,758
4294967294,1668
4294967294,1667
4294967294,1670
4294967294,747
4294967294,759
4294967294,745
4294967294,761
4294967294,1585
4294967294,1434
4294967294,756
4294967294,213
4294967294,1595
4294967294,744
4294967294,1177
4294967294,1176
4294967294,1175
4294967294,1174
4294967294,337
4294967294,336
